4.449677783357481
3.422096263030252
4.08222217127793
4.931794102085039
4.945800248955386
2.456129272580809
1.7219795917821674
2.3971017767239067
1.0108494944669495
1.0110087112737682
4.439559834235517
3.4326557206974018
4.06977175917879
2.148439575821654
0.42164928168912486
1.1890300821767656
0.11539763423386962
2.181383456806378
0.7881493131180868
1.3418379113173202
0.3069886417698031
2.2432027634805114
0.7130635154652474
1.2987460300026852
0.188315718284378
3.016584306302524
3.254544961380166
3.6209972870220186
4.02649982099464
3.0013603422579656
3.201621331894569
3.5725032864927218
4.004323628129138
3.014905686131373
3.2585809676879753
3.6080024910019763
4.009553424703103
4.446888879195243
4.503064587879635e-13
4.503064587879635e-13
4.503064587879635e-13
4.416214088155717
4.503064587879635e-13
4.503064587879635e-13
4.503064587879635e-13
4.503064587879635e-13
4.503064587879635e-13
4.503064587879635e-13
4.503064587879635e-13
4.431651255807957
4.503064587879635e-13
4.503064587879635e-13
4.503064587879635e-13
4.503064587879635e-13
4.503064587879635e-13
4.503064587879635e-13
4.503064587879635e-13
4.503064587879635e-13
4.503064587879635e-13
4.503064587879635e-13
4.503064587879635e-13
4.503064587879635e-13
4.503064587879635e-13
4.503064587879635e-13
4.503064587879635e-13
4.424352918262536
4.503064587879635e-13
4.503064587879635e-13
4.503064587879635e-13
4.503064587879635e-13
4.503064587879635e-13
4.503064587879635e-13
4.503064587879635e-13
4.503064587879635e-13
4.503064587879635e-13
4.503064587879635e-13
4.503064587879635e-13
4.503064587879635e-13
4.503064587879635e-13
4.503064587879635e-13
4.503064587879635e-13
4.503064587879635e-13
4.503064587879635e-13
4.503064587879635e-13
4.503064587879635e-13
4.503064587879635e-13
4.503064587879635e-13
4.503064587879635e-13
4.503064587879635e-13
4.503064587879635e-13
4.503064587879635e-13
4.503064587879635e-13
4.503064587879635e-13
4.503064587879635e-13
4.503064587879635e-13
4.503064587879635e-13
4.503064587879635e-13
4.458687896399386
4.503064587879635e-13
4.503064587879635e-13
4.503064587879635e-13
4.503064587879635e-13
4.503064587879635e-13
4.503064587879635e-13
4.503064587879635e-13
4.503064587879635e-13
4.503064587879635e-13
4.503064587879635e-13
4.503064587879635e-13
4.503064587879635e-13
4.503064587879635e-13
4.503064587879635e-13
4.503064587879635e-13
4.503064587879635e-13
4.503064587879635e-13
4.503064587879635e-13
4.503064587879635e-13
4.503064587879635e-13
4.503064587879635e-13
4.503064587879635e-13
4.503064587879635e-13
4.503064587879635e-13
4.503064587879635e-13
4.503064587879635e-13
4.503064587879635e-13
4.503064587879635e-13
4.503064587879635e-13
4.503064587879635e-13
4.503064587879635e-13
4.503064587879635e-13
4.503064587879635e-13
4.503064587879635e-13
4.503064587879635e-13
4.503064587879635e-13
4.503064587879635e-13
4.503064587879635e-13
4.503064587879635e-13
4.503064587879635e-13
4.503064587879635e-13
4.503064587879635e-13
4.503064587879635e-13
4.503064587879635e-13
4.503064587879635e-13
4.503064587879635e-13
4.503064587879635e-13
4.503064587879635e-13
4.503064587879635e-13
4.503064587879635e-13
4.503064587879635e-13
4.503064587879635e-13
4.503064587879635e-13
4.503064587879635e-13
4.503064587879635e-13
4.503064587879635e-13
4.503064587879635e-13
4.503064587879635e-13
4.503064587879635e-13
4.503064587879635e-13
4.503064587879635e-13
4.503064587879635e-13
4.503064587879635e-13
0.5113466396559359
0.8476515899480637
0.9521823472087867
0.9097413102393377
1.0637378353948215
1.3202510216879313
1.2767651407969316
1.3444610821300804
1.350747585910713
1.2792408099568258
1.3364120649310056
1.3913839184639656
1.4160077928225583
1.3834031454786757
1.4034800105047216
1.4037733937733776
1.448855675495098
1.3932481634631975
1.316151878887772
1.3076373198581432
1.3126811211172367
1.3058418094960276
1.3220542726327675
1.310371936660136
1.325229308189611
1.3430203794643853
1.3665979378208615
1.3506360683112373
1.3515403567765478
1.3385969658151975
1.3307903825469323
1.3360200103373678
1.345987432263513
1.3440465544524107
1.3549374384066946
1.3663994526751537
1.3534258569610795
1.337730062990497
1.3254676393110856
1.324762333492755
1.3246443000363062
1.3032919879193283
1.2827772037315777
1.2796114886203949
1.2634729781359288
1.2764391631744507
1.2754322959405648
1.2963030315488604
1.2978902594369996
1.309067050933714
1.3224504420383996
1.344719594874185
1.3510045564847069
1.3576486894676174
1.354402597237062
1.3557419392628427
1.3587051817038285
1.3652252146362285
1.3629158744331393
1.3705772251288657
1.3773190416258414
1.3549803622199832
1.3565796415760643
1.314978243342865
1.2997197309006019
1.2710470568657426
1.269084177299737
1.261849215510499
1.2653818165666202
1.2777244599199875
1.2713141537636563
1.2943893018568016
1.2978187397156038
1.295581009315387
1.300708271173277
1.290977810719248
1.2956555618909293
1.2963061370479299
1.3023119780765233
1.3165013359846158
1.3255565986079834
1.3205027097833089
1.32745975288078
1.3568094456053093
1.361322308489128
1.366318990925378
1.3673698209360667
1.3846355612322796
1.3825426824716889
1.392397804793517
1.3986179747439609
1.4008404969120551
1.408150209221251
1.414852291593065
1.3968938888906974
1.3950082720484103
1.3867387624230352
1.404426237852027
1.4003995486910341
1.4063200598213204
5.203910845565809
5.047904888673919
1.3069315991383457
1.2860511216643813
1.2749627073641845
1.1184307839716077
1.2161573464050317
1.3653200797751097
1.400594588194366
1.4482254477434369
1.3939987520863149
1.3843745181592038
1.397410030670975
1.3913045768183299
1.3864436514212262
1.3599206621141793
1.3377361232046363
1.3389054626178556
1.3582748925635633
1.3722696376657266
1.356016769490295
1.3453569946928807
1.3532840375535669
1.3878704987150687
1.4042370684397927
1.4178345452253813
1.4132359197637854
1.4100784059819524
1.3832769088174421
1.369610109671438
1.3658022944688293
1.3530627995911546
1.349637245438113
1.3489290826975084
1.3288474592831614
1.3237038047705445
1.312157461078372
1.316034715510968
1.3250281611333365
1.326618652284112
1.3230781405537329
1.3054257613341438
1.281271164514429
1.2566495602429013
1.2451627811510448
1.2264882526084069
1.22086502692874
1.2151868305923799
1.2151673981615527
1.185219468075669
1.1965375453959792
1.2032795413255144
1.2109107696142045
1.2181612820912466
1.2291607186516451
1.2211499171463585
1.209129004466008
1.2183734541436468
1.2005464705347562
1.195430807260479
1.1984987893363224
1.1924856271624797
1.188549558643187
1.1908076918219663
1.190188801173929
1.1877826030343295
1.178060031851861
1.179200751546853
1.1785117444869861
1.185233817801529
1.1932019540752545
1.1770206285146658
1.1870516960106512
1.18324003755259
1.1896185133015829
1.205825989006943
1.2051921505795988
1.1963573082416659
1.2114805978643455
1.2041044071518296
1.1984687095055024
1.195872536926311
1.203991932637508
1.1994841206210474
1.2054489178791803
1.1904794611372989
1.1623876201368946
1.1634421284304421
1.1681223205966074
1.1697542996763817
1.1754174841487002
1.1910884114741842
1.1852295998452274
1.1846491655807894
1.179498646370451
1.1697500530591265
1.1891826238743928
1.1878325163949617
1.1920418234258738
1.2007881816949286
1.1939152514499956
1.2018236109765326
4.935248741171678
4.8013471714288976
0.5155711832178298
0.531071881606362
0.3782165310962231
0.6179191942488709
0.4914890996631458
0.5429693087801013
0.49078604452973007
0.5104286378674674
0.47211171744987634
0.5554777074283503
0.48374572353479284
0.39854073639759324
0.3835337138974335
0.4543963604809589
0.4365409169136152
0.4820363416771647
0.4426545628036296
0.45707493589509696
0.543218144288792
0.5117380186999361
0.47652514575288585
0.47232876390319944
0.4680127013491653
0.45843497874457206
0.44755203351756734
0.4462560603477206
0.4333724254638476
0.4152738271291332
0.42965666044885786
0.43969297498396553
0.4351849846984397
0.45548408132787355
0.4809196234743789
0.48935571315637905
0.48714232949248615
0.4943318183074341
0.5043212069022349
0.5010051165420002
0.470043029011193
0.4447506995494894
0.4426707317903684
0.4701190245139051
0.47394127437695666
0.45401470436018077
0.46908312464333335
0.4513007783849492
0.4626767848402764
0.4703918394504152
0.46396150806672587
0.457528044382534
0.43840946169332273
0.4507545595675788
0.4377308330229761
0.4480011259136063
0.4479100466359185
0.4631007927855828
0.45960889253930404
0.4542146724697078
0.45269482704241426
0.4674348271010498
0.4766058515195777
0.45686262079632645
0.45430056919043427
0.43066617520562733
0.4716528269321074
0.46251706939609516
0.4790769702479061
0.46735336907089575
0.4671402774282791
0.44366519063027887
0.46269997981206856
0.44694822631959763
0.4547848496759501
0.4545212478778691
0.4452797682330658
0.438383247273995
0.4455849710829929
0.45085796719626536
0.44514630599988525
0.45473136117961754
0.4528342772663603
0.4504582854926511
0.447225289005158
0.4442023742415353
0.45120689179021234
0.44648082708688275
0.4323037714280842
0.4457601918888905
0.4458525763750085
0.44012971918654653
0.4220922076624305
0.45495088453462795
0.4468703575029229
0.43536547784468826
0.44396712278769357
0.4394217334613302
0.4161283680676222
0.42545859124559726
0.4359925623741212
0.4102764113131485
1.3125357341552517
0.5444445144501051
0.5940061350826804
0.557264315571067
0.6979436593322372
0.6806626280377506
0.7943017880174033
0.4634611290982189
0.42602361141821454
0.49727843494678137
0.4883356787991566
0.5168045621073301
0.4670210274784834
0.47430171683132105
0.47839043514927404
0.45768478876152496
0.5573656194729972
0.4521168743269248
0.4392635327854295
0.45175159796569186
0.445136224766733
0.44452992527076063
0.4330559074367635
0.4139216431108057
0.4058012115404397
0.4163251547587725
0.4168013202817278
0.4255714956997023
0.45722762131797
0.4741656434307506
0.4924859571589728
0.5226436942300436
0.5386930387845386
0.49030015900153057
0.5006857503487607
0.48763945785249163
0.4834611272696918
0.49139099931299235
0.41874882641610256
0.3998877791687283
0.39829421109818597
0.405623843127632
0.42770162390738786
0.4149053264519642
0.41660287097619797
0.42843438595479455
0.42907066067959043
0.427490064652309
0.4243488614381876
0.4288580530260351
0.3954821617018043
0.39468509684812414
0.3931216931697801
0.37080736349423304
0.3719939880292902
0.37545710960304035
0.36602730991694354
0.34806214014669035
0.35343399828950783
0.38266178006524054
0.3744628066700244
0.3752232810789762
0.3572669599827005
0.3842620620688555
0.3515275085081866
0.34341613398208537
0.34931316074770624
0.34078031298030353
0.3378834419573087
0.3427415908376181
0.34024910289206467
0.3397361618584336
0.3285390876658445
0.33522216849787245
0.3278379701139258
0.35531939632406573
0.35163560541623884
0.34540843912806096
0.34901021916995845
0.3396901486544328
0.33530345444972376
0.34099098725776145
0.3180567290670169
0.32226360984572633
0.3564022804442004
0.3228893155060586
0.3050499706733616
0.30758313879393473
0.3042381411547632
0.29256063383073094
0.29290682724350514
0.29044276393856006
0.28810528066534413
0.2833045477779965
0.28831513076279247
0.28528685729144954
0.2840953807178943
0.2998589138208656
0.3027237747855045
0.2841759701289899
2.292149788170494
2.9515668850387318
2.3988971674817807
1.2758902502512566
1.0813837846373708
0.8655367810235886
0.7348958432923673
0.5936084752236441
0.5390493836179271
0.5121150064157334
0.4524769163303546
0.42106891594762796
0.3907164061428263
0.3327663719830767
0.32800681106069884
0.3387127737332438
0.2768749749085728
0.227798451854631
0.2501584675082533
0.1775101314734151
0.19989244394957328
0.19303652952461992
0.14324334045513076
0.14267155160560918
0.1487609391560083
0.12758528763630395
0.1033865278082926
0.11032539971307109
0.08640893609263589
0.08067694067901954
0.10075672942389957
0.09514371861640392
0.057879808418713985
0.05632925840951941
0.060219263164245085
0.06296948333781405
0.05412392729037574
0.05190866079712553
0.04783371654963009
0.039225189403828686
0.05923812523078098
0.04223260001643947
0.0354667038050831
0.047633145975357394
0.04723445419479955
0.028398716145781933
0.03655431412047605
0.025186073646860763
0.027764976070164593
0.027116296101328707
0.02580332579029143
0.01556228906195578
0.0214306534142521
0.014388651533082886
0.02955126602338609
0.028066615070478917
0.019214934897976654
0.01768027986029974
0.01689446860140187
0.01241104358541456
0.01869479249184014
0.010322576991853794
0.005294162293345117
0.010989833455527176
0.014396040172698576
0.009075255985550257
0.006820310071238289
0.009433196258805232
0.006043246246538736
0.007253525187807419
0.006906485716846156
0.008874132407712843
0.0073901495059987
0.008107545974579189
0.010167811692735285
0.01081076904223277
0.01466035749050043
0.00948423096168316
0.007881855538880878
0.005338700841492461
0.015575250339080249
0.004435593453819386
0.006474420644913437
0.004357957910603005
0.003830025895084077
0.0018099733264049789
0.0051164580733145115
0.004836504099503536
0.003356004763926279
0.003942880101329038
0.004300752948752873
0.00375695668045406
0.010655580691587119
0.0030432416724037736
0.0019789966724594876
0.008692658905506079
0.004048729095374348
0.008796471625747593
0.004360480964791691
0.006110103455345239
0.5213951759965312
3.4810765091367437
3.2627141727703655
1.3146637952898121
0.7059157713509503
1.3547680609394632
0.4289709326830975
0.32729822603009406
0.39766640923225705
0.28592162974336777
0.24007117590679883
0.2859147926464951
0.37761576412577025
0.1370791215198981
0.1567205271143104
0.08663662131050298
0.07458390725927622
0.08082639102404965
0.0586370417376898
0.04770261343452997
0.03644197417989048
0.028754015633173147
0.02895936076930372
0.013819688659713059
0.016972822019105216
0.01869500106584887
0.013672880893979666
0.009313537130873684
0.017663058407801913
0.007139087095074714
0.010066936521750058
0.02715191526955074
0.012762913107018825
0.0011379832694924374
0.003830025895084077
0.004368483891118657
0.0025302129256639105
0.002970477542104888
0.004425126675624114
1.489317373426502e-06
0.0019193956222975928
0.0051083180417546
0.0010592654517695976
0.003298244835205466
4.503064587879635e-13
4.503064587879635e-13
4.503064587879635e-13
0.0012598362267013385
4.503064587879635e-13
4.503064587879635e-13
0.0012598362267013385
4.503064587879635e-13
4.503064587879635e-13
4.503064587879635e-13
4.503064587879635e-13
4.503064587879635e-13
4.503064587879635e-13
4.503064587879635e-13
4.503064587879635e-13
4.503064587879635e-13
4.503064587879635e-13
4.503064587879635e-13
0.0012598362267022267
4.503064587879635e-13
4.503064587879635e-13
4.503064587879635e-13
4.503064587879635e-13
4.503064587879635e-13
4.503064587879635e-13
4.503064587879635e-13
4.503064587879635e-13
4.503064587879635e-13
4.503064587879635e-13
4.503064587879635e-13
4.503064587879635e-13
4.503064587879635e-13
4.503064587879635e-13
4.503064587879635e-13
4.503064587879635e-13
4.503064587879635e-13
4.503064587879635e-13
4.503064587879635e-13
4.503064587879635e-13
4.503064587879635e-13
4.503064587879635e-13
4.503064587879635e-13
4.503064587879635e-13
4.503064587879635e-13
4.503064587879635e-13
4.503064587879635e-13
4.503064587879635e-13
4.503064587879635e-13
4.503064587879635e-13
4.503064587879635e-13
4.503064587879635e-13
4.503064587879635e-13
4.503064587879635e-13
4.503064587879635e-13
4.503064587879635e-13
4.503064587879635e-13
4.503064587879635e-13
0.44602782469868707
2.306049060042687
2.952639833736101
2.395306227225943
1.6841937644815657
1.0651680469155904
0.7988701387848973
0.32164606201059254
0.34144750510288535
0.2738394368595154
0.22327401231552457
0.24677476800227005
0.17725201523851197
0.19225396565407493
0.17782720772855054
0.13983192392497035
0.14381967930866413
0.14016170272727368
0.12123015151739036
0.1108546710562246
0.11213110867805653
0.08897270681993952
0.07859420284798624
0.10409113451557417
0.0976640315543893
0.0607779564453228
0.059546982367938206
0.07203921132410862
0.06402956741005283
0.06262311855501057
0.046582911522876636
0.045506691138649025
0.027633526010536258
0.0561194512845562
0.034812256295564836
0.04558717721146266
0.04283881220021257
0.0418318027441229
0.02591133157062231
0.03989527210011268
0.030273269345459042
0.028310282568329015
0.02778639236594227
0.029358078563142875
0.01785800101948265
0.019522063221081076
0.01564696079744099
0.025377305536823158
0.022979079003282443
0.0126952329933534
0.01696129793505552
0.020811535044106044
0.017161602309889723
0.015949810599026115
0.006904793982909219
0.008976876146215673
0.010250895520652392
0.015042841271919905
0.009763407350752651
0.007666450295183758
0.010680588122260026
0.006796539537564428
0.010428358136258531
0.005378263551250484
0.007993097859714027
0.006353201643164219
0.011492090077975803
0.010167811692734396
0.010810769042233659
0.011139517478585326
0.008546098986214723
0.008664730617096161
0.014200167258316299
0.00923128917765137
0.005314141107674253
0.0036375386818550126
0.01039324138805231
8.76534951199659e-06
0.0018099733264049789
0.0051164580733145115
0.006094848140548059
0.0041874199178764115
0.011963810312932033
0.007717956538274784
0.0028188047934554206
0.005338700841491573
0.005054216518344923
0.004923149319612463
0.002911264716602524
0.007065191364286072
0.007920163709391304
0.005230557833272975
0.0026268643268920755
0.5242647027469687
3.4872736474883825
3.254223924352604
1.3069676743011724
1.510866974062247
0.6701609681066305
0.8240946469032178
0.09156830316434039
0.060674485463386496
0.07403424314655638
0.07279599133299897
0.04530551171025543
0.0382826613001237
0.031315325800049365
0.03039459267891953
0.014484858491043973
0.02131470802183255
0.027167095231051874
0.010090892373294302
0.007887573467495024
0.016077599616089344
0.012090754749643828
0.007471047877279702
0.02537444336834227
0.015671441960598997
0.0033629792736702413
0.0019193956222975928
0.006110103455345239
0.0025302129256639105
0.003950276353397619
0.0022167340402488023
0.0012598362267022267
0.002874710758690391
0.008883314223994354
0.0021155918662056905
0.005487144095848606
4.503064587879635e-13
4.503064587879635e-13
4.503064587879635e-13
0.0012598362267022267
4.503064587879635e-13
4.503064587879635e-13
0.002518183136031915
4.503064587879635e-13
4.503064587879635e-13
4.503064587879635e-13
4.503064587879635e-13
4.503064587879635e-13
4.503064587879635e-13
4.503064587879635e-13
4.503064587879635e-13
4.503064587879635e-13
4.503064587879635e-13
4.503064587879635e-13
1.4893173725383235e-06
4.503064587879635e-13
4.503064587879635e-13
4.503064587879635e-13
4.503064587879635e-13
4.503064587879635e-13
4.503064587879635e-13
4.503064587879635e-13
4.503064587879635e-13
4.503064587879635e-13
4.503064587879635e-13
4.503064587879635e-13
4.503064587879635e-13
4.503064587879635e-13
4.503064587879635e-13
4.503064587879635e-13
4.503064587879635e-13
4.503064587879635e-13
4.503064587879635e-13
4.503064587879635e-13
4.503064587879635e-13
4.503064587879635e-13
4.503064587879635e-13
4.503064587879635e-13
4.503064587879635e-13
4.503064587879635e-13
4.503064587879635e-13
4.503064587879635e-13
4.503064587879635e-13
4.503064587879635e-13
4.503064587879635e-13
4.503064587879635e-13
4.503064587879635e-13
4.503064587879635e-13
4.503064587879635e-13
4.503064587879635e-13
4.503064587879635e-13
4.503064587879635e-13
4.503064587879635e-13
0.4452953691661783
1.150189739853083
0.7891933108588303
0.9021197005252395
0.67217949543529
0.7195966619497218
0.6169391594231151
0.5697143962769129
0.5403479239799216
0.5223288515567095
0.5365222954193607
0.5236097433058626
0.5320872905800398
0.5442446959791569
0.6086895712793758
0.6504625996126814
0.6736098028977189
0.7015566264415218
0.7130353080372318
0.6829525716482001
0.6706984862790604
0.6925639309482854
0.7082295074450844
0.7108870416722501
0.713771790084019
0.7314821348652458
0.7027836723302725
0.713894400129055
0.7086766536291904
0.7148768855270609
0.7256812367203187
0.7342352570270103
0.7698381234107767
0.7538586402112282
0.7977509942177736
0.8015872510769952
0.7886963734338215
0.807984852006383
0.8352786399623637
0.863916206227775
0.887843882672219
0.8948921602010316
0.9145723602992595
0.9493542674999222
0.9452657194702132
0.9429241580440575
0.9075584925505584
0.8951884179363123
0.8847371540094748
0.8497826025870996
0.7820088233275433
0.7764192715653166
0.7495393674256423
0.7527826254641123
0.7250660470562993
0.6929306957337511
0.6843836422153702
0.6427990832622967
0.6517481417151139
0.6332627768081416
0.6123643417497231
0.6075458077358888
0.6142625283736871
0.604294269861084
0.5779644724405024
0.5602940129737375
0.5570270053472122
0.550216017104769
0.5576861164981208
0.539138635728289
0.5222585366781933
0.49389312373058836
0.49409921425806314
0.47979238472444585
0.47488746152709815
0.4714027144745181
0.45466981857229083
0.430404935584046
0.4351201674712364
0.4208295489499978
0.42915008774715524
0.41674507853297094
0.40960309858154886
0.3961475400366732
0.3761864498124554
0.36986728716401274
0.36840719645162157
0.36889255387464104
0.3358503567185336
0.336413558676254
0.32139788561422744
0.29602353246272006
0.2942227261446284
0.2879847900916177
0.2794548312739815
0.28055955892837847
0.28142440556939974
0.25093297212506194
0.25250477518251113
0.24240646903852348
0.24790269289516864
0.24213420929334006
0.23465639612237865
0.2352707318231353
0.2316332808410504
0.23141865529868788
0.2325999938973986
0.21792844512518794
0.22285930170510593
0.2212185393434325
0.2185772332110716
0.22150776277287054
0.2134426346996463
0.21951341162444127
0.21603938846029624
0.20620076023027334
0.20838996701551782
0.2063793083877039
0.20022355936604264
0.20767880660114724
0.19772265598036576
0.1974352266103292
0.20264223730754338
0.2019331050321398
0.2049233473599701
0.201330215230767
0.19557764072192985
0.1755553631802984
0.17802577485269921
0.17802111021643885
0.17850383650745805
0.16989811527750387
0.17069723115712954
0.1633987788197695
0.1662088899975407
0.14948985874535214
0.16072555550792256
0.15530638755598503
0.15282826811532413
0.13991779730621623
0.14337794681478666
0.1353187127200055
0.13088371388732867
0.13483584518082736
0.1268276552116614
0.12370644864255897
0.11825238026891327
0.11188433459082692
0.10376587145562688
0.10235215503838724
0.10448647027317026
0.0898256807858937
0.09925078456574443
0.08948921433827817
0.09534199362130824
0.09039398758131423
0.08835098672644115
0.08556515172999646
0.086716835179657
0.08662527780469986
0.08148092155521525
0.08060786658745922
0.07830097001522596
0.07721200372353998
0.07516664890329494
0.07032357958986513
0.06599605438978795
0.06326060001180966
0.06959474248524078
0.05792027921193732
0.060703730749632534
0.05485855226814618
0.054780070954065785
0.05553149791513423
0.05428027613471276
0.05691902850522901
0.05516397306471088
0.05589402907424734
0.0571593534296122
0.05245111960444593
0.05436213613342478
0.05377780645336916
0.050906372679128786
0.052849656718347404
0.0521654309405335
0.05275137101555405
0.05130034118703808
0.05231898077006836
0.05287985119132799
0.051367312046126656
0.05191398742887898
0.053011348880866116
0.0523479253871697
0.04817736910914672
0.05214387647839569
0.05009403166226445
0.04772436318878981
0.04578698904473022
0.045288475630451686
0.03740756742772433
0.04418654535261357
3.336305352532387
3.4000169507828653
0.2679047139072157
1.0349487534726602
1.1590057926525246
1.3449122217422156
1.4333913175790451
1.5892627993790231
1.6902773526988177
1.1608520229180703
0.8534965972933595
0.7019569382143613
0.5694197208787717
0.4164650988497689
0.33685576238863835
0.28344222407939235
0.24009261671185467
0.19471284528014277
0.1575669328253797
0.12426898637098471
0.09785170184512548
0.07264142225758263
0.07192074594104714
0.057741343471250595
3.4291959212594274
3.9474558690645374
6.131254856100768
2.6050966206097375
2.6050966206097375
2.6050966206097375
2.6196703488526167
2.5849034392526735
2.6480268367706703
2.5080542420967475
2.4800216206064145
2.3149147355285167
0.8038491997864972
1.1190026538813047
1.109426272465611
1.6029900946035154
1.394380459066772
1.9980411775132296
1.1010609732358265
1.725296914533624
1.1201212688247741
1.726182203530577
1.4325785860533058
1.6379094878060538
1.427421870359356
1.6770724090503437
1.5794186477101526
1.553492481385205
1.6629076263922293
1.592818795694991
1.701588346124618
1.6379061007726339
1.096376990577653
1.1063374317943246
0.7394064722468077
0.822159415763756
3.16352273588422
3.987531790605512
3.251149326606728
2.122922444649282
1.1079050099974106
0.6997636488533328
0.42391468545052646
0.2728822469611556
0.18168800659948392
0.12575784997689077
0.0712069360040104
0.04926423489695786
0.023977349824679806
0.018906507168258813
0.010090079026524812
0.011348421521763186
0.005051446961925166
0.0037938039482412478
0.005044767830271191
0.0012598362267022267
0.002518183136031027
0.005036325503159134
0.002518183136031027
0.002518183136031027
0.0037779788867027264
0.0037779788867027264
0.002518183136031027
0.0050377344588152795
0.003780757740607932
0.0037779788867027264
0.002518183136031027
0.005036325503159134
0.00883946762654908
0.008835172005038139
0.007582340380911212
0.012009642517662122
0.007178299976871472
0.007582340380911212
0.007582340380911212
0.007582340380911212
0.007582340380911212
0.001272779274595237
0.007564500744812186
0.001272779274595237
0.007564500744812186
0.007564500744812186
0.006301822474779506
0.006301822474779506
0.0025226757979472936
0.0025226757979472936
0.0025226757979472936
0.0025226757979472936
0.0012598362267022267
0.0012598362267022267
0.0012598362267022267
4.503064587879635e-13
4.503064587879635e-13
4.503064587879635e-13
4.503064587879635e-13
4.503064587879635e-13
4.503064587879635e-13
4.503064587879635e-13
4.503064587879635e-13
4.503064587879635e-13
4.503064587879635e-13
4.503064587879635e-13
4.503064587879635e-13
4.503064587879635e-13
4.503064587879635e-13
4.503064587879635e-13
4.503064587879635e-13
4.503064587879635e-13
4.503064587879635e-13
4.503064587879635e-13
4.503064587879635e-13
4.503064587879635e-13
4.503064587879635e-13
4.503064587879635e-13
4.503064587879635e-13
4.503064587879635e-13
4.503064587879635e-13
4.503064587879635e-13
4.503064587879635e-13
4.503064587879635e-13
4.503064587879635e-13
4.503064587879635e-13
4.503064587879635e-13
4.503064587879635e-13
4.503064587879635e-13
4.503064587879635e-13
4.503064587879635e-13
4.503064587879635e-13
4.503064587879635e-13
4.503064587879635e-13
4.503064587879635e-13
4.503064587879635e-13
4.503064587879635e-13
4.503064587879635e-13
4.503064587879635e-13
0.0010592654517695976
4.428894070055561
5.976578899522719
4.503064587879635e-13
3.9816210892940336
4.503064587879635e-13
4.275048508766021
0.8522328267397112
0.0979082954719468
0.025885072921703056
0.002521041795636947
0.00504043348554184
0.008847981816271222
0.007582340380911212
0.002548977638100247
0.005047812156725229
0.0012643297965935218
4.503064587879635e-13
4.503064587879635e-13
4.503064587879635e-13
4.503064587879635e-13
4.503064587879635e-13
4.503064587879635e-13
4.503064587879635e-13
4.503064587879635e-13
0.0010592654517695976
4.430360632725767
4.055814886400766
3.4440874398270602
6.090061898399753
6.217303538980739
0.5871649893963964
6.1727295680631
6.224340895590772
6.224374246051447
6.227000508677709
6.2272025288797295
6.224980306657507
6.2142732359504365
6.224576266253467
6.2272025288797295
6.228818690495891
6.2260399253439385
6.2284146500918505
6.22780858948579
6.220939902617103
6.228818690495891
6.228010609687811
6.2284146500918505
6.228818690495891
6.22740454908175
6.22821262988983
6.220939902617103
6.22740454908175
6.2284146500918505
6.2284146500918505
6.2272025288797295
6.228616670293871
6.228616670293871
6.222152023829224
6.2284146500918505
6.22780858948579
6.228818690495891
6.228616670293871
6.22780858948579
6.228818690495891
6.224980306657507
6.228616670293871
6.228818690495891
6.228818690495891
6.2272025288797295
6.228818690495891
6.22760656928377
6.2259904076676085
6.228818690495891
6.228010609687811
6.22780858948579
6.228818690495891
6.228818690495891
6.228616670293871
6.215687377364578
0.5891175093052148
5.2073073276593655
5.159901289127658
5.206800749172792
5.226355910539631
5.319931109164288
5.357567916733579
5.427548310281345
5.535753323588053
5.591231202781877
5.6557033327490585
5.712863760632506
5.704326596762144
5.734861891413515
5.749786345283804
5.76819066096756
5.7994662875435345
5.783952597058189
5.796256160963707
5.825537353196858
5.840334779485579
5.865078836120354
5.845155060622283
5.8593918541259695
5.872129940291604
5.870148080288618
5.900136753757456
5.889314919249127
5.90148914213811
5.90037493738396
5.906730843151244
5.907740771624391
5.915285174324104
5.932506019538008
5.93600043511799
5.955426831098253
5.955146635480044
5.970198866609932
5.954246580942251
5.980996550305745
5.965278557851439
5.9770371751232
5.987704731283682
6.001238587066423
5.984428756073053
6.011024668362964
6.001907685053047
5.990647458702164
6.052677325169034
6.100183363889571
