4.425069530545521
3.3390877348872596
4.107091135512647
5.41867644251765
5.425489931312238
2.7985112475166294
2.0751234507488627
2.781577765375153
1.4787255621899984
1.47838351832098
4.428494437338641
3.346190129036432
4.098610865798555
3.1288957397355763
0.9941498365504922
1.7686606059457928
0.18349884856300935
3.1513759747374923
1.3905030764062634
1.8268537313996873
0.6467954802074214
3.145817885903125
1.3659500649694953
1.917854003239011
0.3296288680256252
3.37397561025495
3.6366979069415386
3.9529285819743496
4.232465552605133
3.3473866050372614
3.5196054217558648
3.8733108879402156
4.21755906193204
3.3670019586978777
3.655301087234363
3.9579764836852216
4.214153930857952
4.4029096783630175
4.503064587879635e-13
4.503064587879635e-13
4.503064587879635e-13
4.417308680601836
4.503064587879635e-13
4.503064587879635e-13
4.503064587879635e-13
4.503064587879635e-13
4.503064587879635e-13
4.503064587879635e-13
4.503064587879635e-13
4.425098325513078
4.503064587879635e-13
4.503064587879635e-13
4.503064587879635e-13
4.503064587879635e-13
4.503064587879635e-13
4.503064587879635e-13
4.503064587879635e-13
4.503064587879635e-13
4.503064587879635e-13
4.503064587879635e-13
4.503064587879635e-13
4.503064587879635e-13
4.503064587879635e-13
4.503064587879635e-13
4.503064587879635e-13
4.42302500108741
4.503064587879635e-13
4.503064587879635e-13
4.503064587879635e-13
4.503064587879635e-13
4.503064587879635e-13
4.503064587879635e-13
4.503064587879635e-13
4.503064587879635e-13
4.503064587879635e-13
4.503064587879635e-13
4.503064587879635e-13
4.503064587879635e-13
4.503064587879635e-13
4.503064587879635e-13
4.503064587879635e-13
4.503064587879635e-13
4.503064587879635e-13
4.503064587879635e-13
4.503064587879635e-13
4.503064587879635e-13
4.503064587879635e-13
4.503064587879635e-13
4.503064587879635e-13
4.503064587879635e-13
4.503064587879635e-13
4.503064587879635e-13
4.503064587879635e-13
4.503064587879635e-13
4.503064587879635e-13
4.503064587879635e-13
4.503064587879635e-13
4.412984813173762
4.503064587879635e-13
4.503064587879635e-13
4.503064587879635e-13
4.503064587879635e-13
4.503064587879635e-13
4.503064587879635e-13
4.503064587879635e-13
4.503064587879635e-13
4.503064587879635e-13
4.503064587879635e-13
4.503064587879635e-13
4.503064587879635e-13
4.503064587879635e-13
4.503064587879635e-13
4.503064587879635e-13
4.503064587879635e-13
4.503064587879635e-13
4.503064587879635e-13
4.503064587879635e-13
4.503064587879635e-13
4.503064587879635e-13
4.503064587879635e-13
4.503064587879635e-13
4.503064587879635e-13
4.503064587879635e-13
4.503064587879635e-13
4.503064587879635e-13
4.503064587879635e-13
4.503064587879635e-13
4.503064587879635e-13
4.503064587879635e-13
4.503064587879635e-13
4.503064587879635e-13
4.503064587879635e-13
4.503064587879635e-13
4.503064587879635e-13
4.503064587879635e-13
4.503064587879635e-13
4.503064587879635e-13
4.503064587879635e-13
4.503064587879635e-13
4.503064587879635e-13
4.503064587879635e-13
4.503064587879635e-13
4.503064587879635e-13
4.503064587879635e-13
4.503064587879635e-13
4.503064587879635e-13
4.503064587879635e-13
4.503064587879635e-13
4.503064587879635e-13
4.503064587879635e-13
4.503064587879635e-13
4.503064587879635e-13
4.503064587879635e-13
4.503064587879635e-13
4.503064587879635e-13
4.503064587879635e-13
4.503064587879635e-13
4.503064587879635e-13
4.503064587879635e-13
4.503064587879635e-13
4.503064587879635e-13
0.30768152489661293
0.8450366011816755
1.0025784852293533
1.1287746927851217
1.4506153803186583
1.6671194601524233
1.8127058578816335
1.8505053270684284
1.8454149600514915
1.8340431287453418
1.852326529372843
1.897881085898777
1.9240932488555131
1.9385917389592846
1.875178911289911
1.8650703505776525
1.8220485352363296
1.8068157094334083
1.8300736527162371
1.8271588732844029
1.7995834645843285
1.7797110846018231
1.77050431981002
1.7202798754278472
1.7408087176846072
1.734365039146601
1.7550049395733955
1.7686531489718593
1.771790030419103
1.761691603512551
1.7932725500541764
1.8149105906034917
1.8384204733455034
1.8284462613397725
1.8371291018074078
1.8535172295948978
1.8439607400423634
1.8319234028940814
1.8095621951417673
1.7873967178445378
1.7918903119749006
1.7755805792788388
1.7506509752151125
1.7490881501036313
1.7481019134856943
1.752008684301737
1.7443268780202263
1.7430121579504245
1.7446513516111208
1.7303411753480198
1.7488531211410185
1.7544690705765698
1.7712459530283633
1.781407359235108
1.7836328602000773
1.772509666330711
1.7735072641228227
1.7702814928656565
1.7791117802948273
1.788621133386111
1.784052129267229
1.8063230705439421
1.8010701768800494
1.8017632948331777
1.8053532930585083
1.815351030090322
1.8311379984357972
1.85088661654129
1.860300767917665
1.8694710597935886
1.8668823841839588
1.8722031602332558
1.8788739574942914
1.893905835824647
1.8916939073870749
1.894131294397071
1.8951323600827905
1.8989178434249467
1.9069387159734914
1.9108477185971653
1.9245894185174661
1.9448625525666392
1.9616969788033094
1.9687274351580308
1.9582914164219885
1.9699978154028601
1.9217969758040105
1.9594786723540958
1.9328659054247987
1.9335583279492674
1.9471316795684297
1.9439408113046337
1.9489497914689364
1.9459802925396668
1.9833588090130059
1.9805811531390685
1.9709728167076932
1.959897181208273
2.0021871035183745
1.9886542316026468
5.617472236393329
5.362459399268359
1.5916016072151926
1.605139624725239
1.701270519465715
1.6843873274253278
1.7413533611141299
1.7833844595529307
1.7846740188891799
1.7747852083534266
1.7742547892756972
1.8382606278626916
1.8206104947682782
1.842876972677991
1.8958522642682807
1.9103350497088325
1.9252725686728835
1.9249493267996227
1.917722086075453
1.8733354397928057
1.841489394749698
1.8411460147730887
1.8171219482249024
1.813379489219427
1.7798911074363115
1.7408349218833399
1.7311854297031628
1.7292834515841866
1.7297378026675787
1.7229442357632099
1.7242928088467213
1.6946520706761694
1.674841482887314
1.6393469102762053
1.6160634598653871
1.601875595343393
1.5922519851384527
1.5680961589746492
1.5498425219336607
1.5449837179485906
1.5385536038444219
1.5439927696428501
1.5246463287288137
1.5067122690915458
1.5108008610367127
1.517260708409565
1.4886305521286003
1.5067938271862937
1.473775352416821
1.4644945272560719
1.5068767848891031
1.4686901920122652
1.5013891435599866
1.4754383435743632
1.504918815858744
1.4709448414652355
1.490996329911134
1.486189875710564
1.4816902699720202
1.4816974306918054
1.489847254190833
1.4933145082709434
1.511832760538141
1.486955338002569
1.5250636641817765
1.5477317264780162
1.5141796074020615
1.5463791594293141
1.5459098560043936
1.525229027373098
1.5268696444762453
1.5582554323325484
1.5474168609319037
1.5570601666331232
1.5669647903042954
1.5482750623731842
1.5480602776186219
1.58035761951795
1.5787483259140522
1.5691480073614992
1.5737011316143121
1.588891285875273
1.5855411933124808
1.5883300448798945
1.6007219296424084
1.5940603710598173
1.5973766633687836
1.6062581270032013
1.5998923249699795
1.6148500572821254
1.6144227131023081
1.6193889008454354
1.6285583595136908
1.6461320922608316
1.6527101982575036
1.6534778872136169
1.6493631290048363
1.6583304695027197
1.6650997823255258
1.6603953446959112
1.6642369879131005
1.6702635544326263
5.3054336318746165
5.181410473881018
0.29639831172986053
0.6403449451457437
0.480490433698459
0.7887002437341231
0.7138766781292301
0.7053048490418048
0.8684631130109901
0.8395796863811622
0.9434393288616523
0.8373234729868155
0.9361920143174434
0.8118766676095213
0.6561224770717677
0.644386008020815
0.595323985018938
0.5708432049740084
0.5532696763314755
0.49157975604723614
0.5473688454171945
0.5454232487137505
0.5282719961748059
0.545594652890057
0.5588429626272049
0.5747282695841687
0.5796774966683902
0.5722584094087608
0.5677468590988157
0.5646109037990197
0.5872952889030101
0.5707148700779543
0.6158238676682615
0.6063915130163577
0.5956637215752103
0.6210148189202238
0.5699738930964786
0.5557268020533508
0.5705751457886583
0.5518942561581159
0.5340067095225507
0.5371898732841274
0.567294805649202
0.5652327698412138
0.597899340192023
0.5694888277078425
0.5852624538895785
0.5979216544166954
0.5782700570066535
0.5833801487125472
0.5774294351450466
0.5874016480175879
0.5644975926648499
0.5810100029902037
0.5911330147084115
0.6116011956080492
0.5846799368894526
0.6111663345092699
0.608071308670576
0.645266704270492
0.6416466985874596
0.6452654274246186
0.6345996347767144
0.6710328661117284
0.6687105616881945
0.6722306743623339
0.6486114376477987
0.6604330925473088
0.651874356227788
0.6763712609913375
0.6517130381848659
0.6669402592121445
0.6507024024882178
0.6598036765950317
0.6954329805363777
0.6906019656459392
0.6961845341455213
0.6905871428238539
0.6835994401473133
0.6922845762358394
0.6899181311564906
0.6950001061318041
0.6764668328619647
0.6928685552635852
0.7019547216308029
0.6676463778178343
0.6678991045782903
0.6649929199084212
0.6855185654139619
0.6806151092665527
0.6912334022866533
0.6909647065408393
0.6683536421820753
0.6921901734033717
0.7151995922981014
0.7208966017275875
0.687195378729629
0.6907433460329857
0.7130126209765901
0.6979020582183963
0.7187825214388717
0.6999508513781709
1.6060375464633267
0.8230784816714758
0.9226174646740208
0.788285430155395
0.9448019661177955
0.9818734718433273
0.9657137518859669
0.6198682029099905
0.7884245877859275
0.6980332751396148
0.5540112126691348
0.5400033569055873
0.5733921417859413
0.5729194087387155
0.5537026482795859
0.5174763001169742
0.5176991352381242
0.5367558922749733
0.5544102354993408
0.4938542356300877
0.48971885634396894
0.4701992907384174
0.4723729968063113
0.4826242622114103
0.5199215992499147
0.47974237245211615
0.45954315861439543
0.471063325235769
0.4814299787451617
0.4838672440681906
0.45640581249553147
0.45288381362047403
0.42867769542198975
0.40944247233846465
0.4367973053943155
0.4397406997989899
0.4487436427301521
0.4417660178010401
0.42407049043795997
0.4497709073697864
0.4360097364870912
0.4351195410169799
0.41835379256036553
0.4273466587840282
0.41985179073357415
0.442267296518974
0.41936679718645387
0.38923227608741584
0.4159763260614877
0.39846655181668034
0.4082017240298832
0.4083681840496691
0.37980269681568135
0.3758107384716727
0.39828445602114826
0.39179947785070013
0.41444522241288606
0.4013518909144258
0.40427898311640575
0.4364430881866035
0.4400030719087278
0.45598161242036994
0.4387904126268083
0.445157568348713
0.4583710573832587
0.4625038621819444
0.47198460907820383
0.48266040766542595
0.48242526186659784
0.4923129146963312
0.4897773652518467
0.48604861647778463
0.5029479065094469
0.4860607364865839
0.5092824934564302
0.5064668863143087
0.5079461691905784
0.49248196939657696
0.5166952507463494
0.5202479577538313
0.5151920335276525
0.5056879745076266
0.5293134718186865
0.512433286204244
0.5132613616661228
0.509020916810444
0.5244364344741417
0.51866307841264
0.5238284308004761
0.5196695687821293
0.5342717619192676
0.5268017821425408
0.5300662867964183
0.5247069706300769
0.535984077706007
0.5492545141935725
0.5236387870341828
0.5220931913363982
0.530394944423958
0.5222401375570023
2.6154210955685846
2.849054513414119
1.8269962231731265
1.1913476785108204
0.863793543628133
0.6892522175666249
0.4984526305414114
0.390535986993088
0.30338479077651215
0.26770150862617825
0.30689449155456305
0.2390256958858128
0.22091481185442952
0.23001598738068818
0.1927151310333146
0.1741661153087133
0.17964223932889123
0.18716337399363248
0.1601966391507048
0.13937557117025
0.20795802718995304
0.13886444303676626
0.12553421604058457
0.13380262735405068
0.14565853615984015
0.12242290208254669
0.1695759264139225
0.1387808996658073
0.12208697077111541
0.10230248084262694
0.1396113514286741
0.09147201466835941
0.08707013900670546
0.08390086308630718
0.08011939437788218
0.07481772937559583
0.12758607690060586
0.08819538546463512
0.07136570129873743
0.08262907383174323
0.09470911286715555
0.06018994012023349
0.0887703788475438
0.06162563976849267
0.05892998101045421
0.059685028102945736
0.0721409659648602
0.05345245497059192
0.04686051588839213
0.04274938921725013
0.06172490298411848
0.0511836265665071
0.05098257169865228
0.03514291511074141
0.04474482240926303
0.0367955010330947
0.0551474722908738
0.03108351871549786
0.038225835327655666
0.05014169692538495
0.0446927152727179
0.058271763428273005
0.044069985826936
0.027065680028909966
0.03653292167247635
0.03293104354461285
0.04139209393121934
0.034462561259003266
0.03397760010850259
0.0374707913919865
0.048276643801410835
0.022730904143193342
0.0801420877567196
0.029879001597429955
0.022918161665329784
0.02417947098049833
0.02902565649186517
0.02503252827493796
0.014350480979913094
0.03110119436907688
0.026941954112595035
0.02022450347771443
0.020659616303047024
0.012322056753392374
0.018515621277125582
0.021151279509719956
0.02600540261062001
0.01281087477275289
0.019313828374376563
0.025563656749535646
0.015852911746417675
0.021746453713308966
0.024494728875941618
0.02453536785135846
0.015253825918851938
0.023960521434860382
0.019696358607206754
0.031102004281374995
0.012236615900452996
0.019374042978551387
0.7092413595263727
3.5278482377053537
3.051113762250638
1.2877935955813475
1.0404564596787376
0.7237118256994792
0.556251443155058
0.3741960902773407
0.306510478418474
0.21098023449273207
0.17734520335822435
0.17298035748259366
0.18112131925171937
0.0815113088747843
0.07514103077937495
0.049348831815192895
0.04022379024493361
0.02208003788406554
0.02367320447631105
0.0129549857850364
0.013226858095626959
0.010398709548715246
0.012938918486841366
0.007146667519715599
0.01051893762965328
0.0036438818530948325
0.0008600252271051545
0.0021155918662056905
0.01084065623137942
4.503064587879635e-13
0.0010592654517695976
0.01769926089463958
4.503064587879635e-13
4.503064587879635e-13
0.002518183136031027
0.0012598362267022267
4.503064587879635e-13
4.503064587879635e-13
4.503064587879635e-13
4.503064587879635e-13
4.503064587879635e-13
4.503064587879635e-13
1.4893173725383235e-06
1.489317373426502e-06
4.503064587879635e-13
4.503064587879635e-13
4.503064587879635e-13
4.503064587879635e-13
4.503064587879635e-13
4.503064587879635e-13
0.002518183136031027
4.503064587879635e-13
4.503064587879635e-13
4.503064587879635e-13
0.0012598362267013385
4.503064587879635e-13
4.503064587879635e-13
4.503064587879635e-13
4.503064587879635e-13
4.503064587879635e-13
4.503064587879635e-13
4.503064587879635e-13
4.503064587879635e-13
4.503064587879635e-13
4.503064587879635e-13
4.503064587879635e-13
4.503064587879635e-13
4.503064587879635e-13
4.503064587879635e-13
4.503064587879635e-13
4.503064587879635e-13
4.503064587879635e-13
4.503064587879635e-13
4.503064587879635e-13
4.503064587879635e-13
4.503064587879635e-13
4.503064587879635e-13
4.503064587879635e-13
4.503064587879635e-13
4.503064587879635e-13
4.503064587879635e-13
4.503064587879635e-13
4.503064587879635e-13
4.503064587879635e-13
4.503064587879635e-13
4.503064587879635e-13
4.503064587879635e-13
4.503064587879635e-13
4.503064587879635e-13
4.503064587879635e-13
4.503064587879635e-13
4.503064587879635e-13
4.503064587879635e-13
4.503064587879635e-13
4.503064587879635e-13
4.503064587879635e-13
4.503064587879635e-13
4.503064587879635e-13
4.503064587879635e-13
4.503064587879635e-13
4.503064587879635e-13
0.2639094802985307
2.613586610924228
2.8533378777100498
1.8268813680228932
1.5600643647861512
0.7793718148788704
0.6615146968786467
0.1952063159443549
0.16877451396737797
0.16717377059324168
0.17812786417154136
0.14984701226322183
0.1324447550149861
0.21081832836123038
0.14243997615651605
0.13247466568898947
0.14909439384633139
0.1446728284764527
0.1227422099312987
0.16974953844013285
0.14364934865595913
0.1175323181074166
0.11695928756537999
0.14148918909362962
0.09033392660781736
0.0863781906407155
0.080768003933815
0.08447406563911208
0.07745688748308677
0.13032105828086227
0.08558122870661933
0.08251629709898545
0.07131644069200238
0.08330772121744978
0.07373658420322649
0.09267092955873668
0.05693725447926745
0.05416543327619738
0.0480417221768521
0.07033550297062607
0.05538625958780674
0.04350251572495001
0.05252489748307276
0.05882628971730952
0.04506779364070024
0.05448041781119084
0.03514336631116155
0.040993721920569826
0.03957717139537564
0.055575620951634264
0.03119710520284169
0.0384534326401873
0.04380530131963223
0.03867487498298239
0.06425990431899464
0.046888185256672266
0.02987912535749171
0.026342118620424237
0.03656149156231425
0.030224090517916302
0.03697625770999036
0.035244665075501835
0.03219376733472412
0.05107671019366311
0.025387987825877367
0.0999800513890543
0.03269239129484802
0.02944764102406161
0.034439681281105194
0.02786725866155315
0.02613047602711127
0.027849082622985577
0.03201445231194189
0.030450093061012318
0.0224073202800934
0.022426828714444902
0.01550264453422745
0.013388105689144503
0.02319625312181639
0.018512359881276197
0.012810874772751113
0.019966064107364012
0.028521017064330856
0.024188514231065383
0.022471370311351713
0.027545003991518158
0.022713795555890925
0.015253825918853714
0.023324092689452236
0.0215135288583701
0.022796015438336426
0.015683121822713808
0.015806454441626094
0.7167130487867936
3.5323801136425286
3.0367359913449974
1.27258204117497
1.366008813311817
0.6740339412934722
0.5133600029331689
0.05369868618386331
0.04231411397191298
0.02628308230375609
0.02451122314980303
0.01873131974981579
0.017531555748860228
0.011736791400301705
0.014537614998114456
0.008440324207149352
0.009937410718913853
0.00653871337096934
0.002568636528486934
0.0031719182806417834
0.002536220693778013
4.503064587879635e-13
0.0010592654517695976
0.009512562394383473
4.503064587879635e-13
4.503064587879635e-13
0.0012598362267013385
0.002518183136031027
4.503064587879635e-13
4.503064587879635e-13
4.503064587879635e-13
4.503064587879635e-13
4.503064587879635e-13
4.503064587879635e-13
1.489317373426502e-06
0.002518183136031027
4.503064587879635e-13
4.503064587879635e-13
4.503064587879635e-13
4.503064587879635e-13
4.503064587879635e-13
4.503064587879635e-13
0.002518183136031027
4.503064587879635e-13
4.503064587879635e-13
4.503064587879635e-13
0.003776530045359827
4.503064587879635e-13
4.503064587879635e-13
4.503064587879635e-13
4.503064587879635e-13
4.503064587879635e-13
4.503064587879635e-13
4.503064587879635e-13
4.503064587879635e-13
4.503064587879635e-13
4.503064587879635e-13
4.503064587879635e-13
4.503064587879635e-13
4.503064587879635e-13
4.503064587879635e-13
4.503064587879635e-13
4.503064587879635e-13
4.503064587879635e-13
4.503064587879635e-13
4.503064587879635e-13
4.503064587879635e-13
4.503064587879635e-13
4.503064587879635e-13
4.503064587879635e-13
4.503064587879635e-13
4.503064587879635e-13
4.503064587879635e-13
4.503064587879635e-13
4.503064587879635e-13
4.503064587879635e-13
4.503064587879635e-13
4.503064587879635e-13
4.503064587879635e-13
4.503064587879635e-13
4.503064587879635e-13
4.503064587879635e-13
4.503064587879635e-13
4.503064587879635e-13
4.503064587879635e-13
4.503064587879635e-13
4.503064587879635e-13
4.503064587879635e-13
4.503064587879635e-13
4.503064587879635e-13
4.503064587879635e-13
4.503064587879635e-13
4.503064587879635e-13
0.2600068410630252
1.6310475135473093
1.062641155348481
0.8925660514591103
0.9238197761853275
0.8580770553095958
0.9158090493596793
0.930918959594278
0.916762243930167
0.8936363040175523
0.9202789156738147
0.9372184029984636
0.9412940221996839
0.9195756586446997
0.9674609388803956
1.0096657574382117
1.0121981356729979
0.9697676684923611
0.9460814827030379
0.9137637672989563
0.8605102788905219
0.8773625591124237
0.8562335349978527
0.8476490929177833
0.8503693436799002
0.8285150035106286
0.8060895224742977
0.7877710249575829
0.7342511066230575
0.7274294334487239
0.686641959014719
0.6033738973017586
0.5922048816630987
0.5153012801913537
0.5089034013942317
0.491759584887391
0.4571989349587362
0.44642413848584894
0.43222570602756516
0.42261413043789986
0.40841055118208036
0.40037939179523363
0.40857442150333423
0.4044330451482443
0.39411081286522
0.3994561701163457
0.4092417945415141
0.38930715528338933
0.35107869936132374
0.3543274468154367
0.36866434575317975
0.34960735840900803
0.328522065865692
0.34432850760964495
0.32122240244394273
0.31563471905564633
0.3002247556626205
0.3018598324834336
0.3073854555076183
0.2887352679776294
0.2815218602442604
0.26584360919807004
0.2590724759649339
0.21763787090069542
0.2279883214880476
0.20603680065921903
0.2284213048956234
0.18148817308420462
0.19073456501811314
0.18811879633772843
0.17181547575705736
0.16551856058848458
0.14128973625381214
0.1436921615102973
0.14124061293832657
0.13878588722554586
0.12857910369270975
0.14848691806785208
0.1381423403486135
0.14046748604729142
0.12714581459044716
0.1081004925777922
0.11399729528795799
0.1203241693532977
0.11471122126208044
0.10047802560823538
0.10415123652204272
0.09870227133922693
0.10419775030636114
0.09670496194251132
0.08609494270398876
0.07548695694140406
0.08249323246271878
0.07572724600918335
0.08295094318392238
0.08357257940939977
0.07354673060461359
0.0799757637430476
0.07564323972574627
0.05906169576311626
0.06307230875431813
0.06349327720384146
0.06702094249671653
0.06252532078624373
0.06358396132752375
0.06150489249602842
0.05210148279316584
0.06297178295521011
0.05563257033423952
0.0465248118407624
0.044718175649896885
0.038983027084144695
0.04964148015935699
0.04736626255960452
0.056293537615868416
0.04152236811791088
0.050661197351940856
0.049279279727685754
0.05224729872753908
0.03397295922023513
0.038154112962383024
0.03540298867138869
0.03141403710051538
0.03730915831603454
0.03642978601475377
0.038860467968812706
0.030099001966457095
0.03387616756359968
0.026332101882532655
0.03241619935518614
0.03329673457264004
0.019020283633593316
0.0326787848609138
0.027824878113860585
0.027236450361551867
0.024204070623046192
0.030702336815336295
0.022734183641179406
0.025532639746273844
0.02893211466979828
0.020578661505241236
0.0332064345493972
0.023779909916904707
0.021756157901845263
0.028345084120000585
0.031996844648617184
0.01672001871963058
0.02223938378207091
0.01985591170488199
0.01619120962378595
0.015583872183250413
0.02491702565788323
0.01241493211935829
0.012669648992517324
0.022905117967428446
0.012758278971759296
0.017016490356797753
0.025272127773729558
0.02406942505100851
0.015362991352496635
0.02227153831911277
0.01278305631066079
0.014318942969287818
0.01781724626495862
0.015496607010464736
0.009068612131753362
0.010941518519446802
0.007759782602801302
0.01303711047306333
0.013478916719925849
0.008777885223528514
0.013174108824593134
0.011554374598753192
0.01085218368533436
0.007983190012001984
0.013073327905114063
0.008117274372135164
0.01464932776577399
0.011245378973807618
0.012784941355785229
0.005288684859695358
0.009492654255899069
0.01261486788772892
0.009325646040055702
0.011931126048654761
0.015470019269915092
0.011559034840913363
0.010156525188209642
0.01267212070037349
0.005812539400031014
0.008842330856960068
0.011156969185221577
0.008398218098459864
0.010850020336596877
0.015486525162025089
0.011459999488251604
0.007591301640883508
0.012108351064633815
0.011704310660593187
0.01625437186856349
0.011212626948799098
3.8722397358886296
3.345751311908647
0.038178453392005984
1.0256591208818042
1.8757916139339663
2.157992654523854
1.5914739756541376
1.1237326244755703
0.8190681550556489
0.6595243615963433
0.46482029260387403
0.3296530832963569
0.2441023630771788
0.12195765770928269
0.08873548338445936
0.0681820460489293
0.056895586485348204
0.039050867609724094
0.038156455640004694
0.023448227836459168
0.02312773354464781
0.015038437377331348
0.01647134502276515
0.012031731811192437
3.373645436377972
5.1664186128790615
6.181002305721433
2.2519283277035957
2.2531490977771673
2.2498584673621176
2.2497757171149875
3.12078404527143
3.863112567925613
3.541537635733695
3.3444898157193315
3.4231874358848455
0.7048316169961346
1.151679778618723
1.378395509294867
1.5223262929300123
1.7231724601157357
2.5209997152944266
1.4021345703536845
2.520366466010595
1.6017316509598318
2.8442770400235773
1.9866644271569287
2.8114320048778443
2.1102914581173264
2.6652443635505425
2.371206647271849
2.5838959226857563
2.6395447719757286
2.5969677630183807
2.4826480166531475
2.4964207213294394
1.5934455749664433
1.564527553370084
0.955612116219136
1.0261321716180474
3.810387785476064
3.1612280550473346
2.4021857106409605
1.4523845310343289
0.756554959213319
0.5059928307816941
0.2672056322138108
0.10588283108263408
0.0439622608711856
0.046477603487312
0.01391706376161217
0.017682542803307832
0.006305574172460027
0.002519632270246319
0.0012598362267013385
4.503064587879635e-13
0.001261285653789912
0.002521041795636947
0.002519632270246319
2.939037333504757e-06
0.0050377344588152795
0.001261285653789912
2.939037333504757e-06
0.005036325503159134
0.0037779788867027264
0.0037779788867027264
1.489317373426502e-06
0.010082979695172689
1.489317373426502e-06
4.503064587879635e-13
0.0076262031676543884
0.007627384440437979
0.0063690528655886425
0.0063690528655886425
0.015177373889533996
0.0063690528655886425
0.002531584346079363
0.0012598362267013385
4.503064587879635e-13
4.503064587879635e-13
4.503064587879635e-13
4.503064587879635e-13
4.503064587879635e-13
4.503064587879635e-13
4.503064587879635e-13
4.503064587879635e-13
4.503064587879635e-13
4.503064587879635e-13
4.503064587879635e-13
4.503064587879635e-13
4.503064587879635e-13
4.503064587879635e-13
4.503064587879635e-13
4.503064587879635e-13
4.503064587879635e-13
4.503064587879635e-13
4.503064587879635e-13
4.503064587879635e-13
4.503064587879635e-13
4.503064587879635e-13
4.503064587879635e-13
4.503064587879635e-13
4.503064587879635e-13
4.503064587879635e-13
4.503064587879635e-13
4.503064587879635e-13
4.503064587879635e-13
4.503064587879635e-13
4.503064587879635e-13
4.503064587879635e-13
4.503064587879635e-13
4.503064587879635e-13
4.503064587879635e-13
4.503064587879635e-13
4.503064587879635e-13
4.503064587879635e-13
4.503064587879635e-13
4.503064587879635e-13
4.503064587879635e-13
4.503064587879635e-13
4.503064587879635e-13
4.503064587879635e-13
4.503064587879635e-13
4.503064587879635e-13
4.503064587879635e-13
4.503064587879635e-13
4.503064587879635e-13
4.503064587879635e-13
4.503064587879635e-13
4.503064587879635e-13
4.503064587879635e-13
4.503064587879635e-13
4.503064587879635e-13
4.503064587879635e-13
4.503064587879635e-13
4.503064587879635e-13
4.503064587879635e-13
4.503064587879635e-13
4.503064587879635e-13
4.503064587879635e-13
4.417708266594179
5.907960062844421
4.503064587879635e-13
4.049743525490684
4.503064587879635e-13
4.396530566773826
0.6510098146356551
0.02514342932527036
0.0012626954640486687
0.002521041795636947
0.005050895516312437
0.008885716015287315
0.007627384440437979
4.503064587879635e-13
4.503064587879635e-13
4.503064587879635e-13
4.503064587879635e-13
4.503064587879635e-13
4.503064587879635e-13
4.503064587879635e-13
4.503064587879635e-13
4.503064587879635e-13
4.503064587879635e-13
4.503064587879635e-13
4.503064587879635e-13
4.433297473964636
4.0815522462099345
3.3526272616255124
6.117068556650368
6.226798488475689
0.4920754612833287
6.205078054022974
6.223987251952895
6.228818690495891
6.2272025288797295
6.22821262988983
6.228616670293871
6.225821399249808
6.228245641674051
6.228818690495891
6.228616670293871
6.228818690495891
6.22780858948579
6.227874613054231
6.228818690495891
6.228010609687811
6.228818690495891
6.22821262988983
6.228818690495891
6.228818690495891
6.228818690495891
6.22740454908175
6.228818690495891
6.22821262988983
6.228818690495891
6.228818690495891
6.228616670293871
6.228818690495891
6.228616670293871
6.228818690495891
6.228616670293871
6.228818690495891
6.228818690495891
6.228818690495891
6.228818690495891
6.228818690495891
6.228818690495891
6.228818690495891
6.228818690495891
6.228616670293871
6.228818690495891
6.228818690495891
6.228818690495891
6.228818690495891
6.228818690495891
6.228818690495891
6.2284146500918505
6.228818690495891
6.228818690495891
6.226798488475689
0.39080087161555
5.775909515650237
5.882982529288301
5.942586427169509
5.9423873458330805
5.932967806333482
5.940683803451604
5.953927603537242
5.968886859484178
5.967491004079315
5.995434453230105
5.984225371184675
5.992829085770274
6.024145928696856
6.012967693753289
6.020663011237521
6.019715002740253
6.02746563470763
6.022970735910487
6.035191569605673
6.038904432482286
6.046777108101266
6.045301079863346
6.033655701842781
6.040203265266158
6.062424138010799
6.053176755294826
6.06386610350834
6.05807576052158
6.063796214621985
6.043743373770565
6.071708368237653
6.068545295278734
6.0821883225118585
6.082871550799349
6.089175760770301
6.081612086103344
6.090060490356218
6.103801752986531
6.090279599845782
6.089984473286233
6.103998001091899
6.095031861932555
6.101302628224689
6.100260475206131
6.105936992715772
6.108568012671254
6.11052203897462
6.120442648612923
6.116162756988526
